29
26
14
30
19
19
26
1
1
19
10
1
3
7
16
29
2
31
31
20
10
26
7
14
23
23
18
13
18
22
11
14
26
24
13
24
20
4
4
31
29
26
20
15
18
20
4
8
28
16
4
13
6
31
27
24
25
12
13
7
30
26
11
28
27
31
5
29
25
21
17
15
5
16
6
15
7
8
5
10
30
0
10
23
1
28
2
13
0
27
0
8
21
16
23
11
1
22
5
20
30
27
30
0
11
18
31
5
29
16
19
16
31
9
18
13
3
21
0
4
6
17
17
16
31
15
10
23
19
10
11
13
24
3
30
13
12
30
22
15
17
30
6
17
5
15
9
8
30
25
3
28
7
14
5
8
5
31
23
26
0
3
13
5
10
25
13
1
18
1
18
3
29
11
10
0
13
21
25
13
16
19
21
15
7
0
0
4
21
12
30
10
15
15
27
9
0
5
24
4
9
25
28
8
17
2
28
22
16
20
13
20
25
1
29
22
15
9
17
4
29
20
14
13
5
25
8
5
12
29
21
10
12
26
29
25
0
3
10
26
7
4
17
7
2
12
3
5
15
31
20
18
2
8
4
10
27
0
2
23
18
26
2
18
27
15
15
20
13
26
5
31
18
1
13
14
4
29
6
16
30
21
23
3
22
10
16
9
18
4
1
17
4
25
25
5
17
6
4
18
25
9
11
19
12
17
23
9
2
1
0
6
9
19
24
23
17
11
23
19
16
0
8
30
16
30
8
20
20
29
19
23
23
6
19
19
29
21
27
6
31
12
11
22
20
18
5
30
5
17
9
4
0
3
29
18
3
11
27
21
27
18
28
2
13
24
10
3
15
16
15
5
6
1
5
2
8
28
14
3
2
22
0
24
3
10
17
19
7
23
31
6
6
5
20
18
6
13
26
28
27
19
12
18
13
15
21
7
12
20
25
21
8
16
30
6
29
23
28
15
4
23
17
31
14
26
4
14
2
3
20
8
16
6
4
1
19
20
4
20
29
25
15
10
17
9
1
19
20
10
3
15
13
25
26
18
4
30
10
28
30
13
6
29
17
9
29
7
30
29
16
2
17
30
26
27
26
29
21
5
21
14
28
20
12
6
26
15
6
26
11
14
24
26
27
18
7
22
24
20
8
9
28
31
3
26
1
30
31
26
20
16
28
27
18
16
27
4
7
5
29
15
8
21
14
13
31
20
23
16
7
18
6
11
12
15
5
13
6
12
23
6
15
21
14
6
1
29
2
1
13
11
11
19
24
3
31
17
10
24
26
21
31
24
11
18
31
22
20
17
21
23
12
18
5
10
9
6
26
13
19
6
31
19
2
23
13
15
19
31
30
29
24
8
16
11
9
31
0
21
19
30
13
21
28
29
2
0
26
15
12
26
25
6
25
26
3
19
18
0
1
6
18
13
1
19
12
3
25
19
12
29
4
10
18
14
16
1
0
6
24
15
31
15
30
7
27
22
5
21
2
28
12
16
14
3
25
13
1
26
0
4
24
18
3
1
21
0
20
31
27
2
0
0
0
26
8
4
11
26
5
9
0
22
9
1
6
12
14
6
12
11
27
23
23
26
21
19
26
26
19
21
31
7
29
2
11
17
1
7
23
23
23
7
23
1
27
24
7
27
0
4
20
22
14
1
13
9
13
22
13
16
22
13
2
8
29
23
2
28
15
4
2
31
28
21
11
8
14
8
14
1
12
10
20
22
10
13
7
11
9
20
8
11
27
9
2
12
17
20
27
1
11
2
12
6
1
14
22
11
8
23
15
5
5
13
18
12
19
9
21
14
31
7
29
16
20
28
25
2
10
15
29
12
23
25
8
20
28
5
19
25
5
0
17
19
13
15
14
6
6
0
9
25
3
6
25
24
30
3
7
27
17
2
18
15
20
16
25
20
10
26
7
8
6
20
29
6
26
21
12
26
22
3
26
23
2
8
17
20
4
25
8
4
31
7
12
3
14
28
8
11
9
2
8
3
24
24
21
0
29
29
15
26
10
18
3
26
28
30
28
16
0
9
26
21
13
20
6
13
30
12
1
23
1
22
3
13
8
30
16
30
1
29
8
27
6
30
9
26
25
26
25
12
28
7
15
4
5
15
25
8
2
30
24
25
14
9
14
6
27
28
2
12
11
20
29
21
27
16
21
27
25
9
28
19
8
18
7
26
23
17
3
9
23
3
13
8
3
21
15
23
0
26
22
8
10
19
19
19
2
6
17
15
30
22
13
6
11
10
22
8
5
30
15
22
5
8
30
2
