11
7
7
8
4
24
18
3
7
15
26
30
30
28
12
7
24
24
22
1
20
14
29
6
19
17
20
14
0
2
16
0
10
31
28
6
25
15
22
30
21
15
5
23
24
23
0
11
9
31
15
9
8
22
15
16
16
17
27
19
18
13
8
31
18
29
30
2
28
10
19
28
27
31
3
5
21
20
26
12
2
11
26
28
25
17
13
27
22
30
30
12
23
24
18
27
27
7
30
30
23
13
0
11
8
2
17
17
6
7
8
7
29
10
21
21
28
18
30
9
25
9
3
6
4
14
18
16
12
5
23
12
4
13
29
21
21
4
12
27
1
30
11
17
7
23
1
3
19
10
3
6
25
9
3
26
8
27
0
11
25
30
23
20
25
0
21
29
15
0
28
1
24
22
16
9
10
16
5
5
2
6
12
9
13
15
23
26
9
28
7
2
5
28
29
13
23
17
31
30
21
30
2
23
8
21
13
18
19
19
27
18
8
23
24
18
5
28
27
6
19
24
27
19
9
22
31
19
1
3
22
14
8
12
10
2
28
24
12
7
13
8
11
7
16
16
17
24
25
12
22
15
14
3
13
11
7
30
2
11
26
22
1
15
3
5
8
2
15
16
26
18
25
30
1
4
9
18
3
18
23
28
25
17
17
20
30
15
31
2
6
16
11
13
19
31
31
28
20
8
17
6
2
9
13
6
0
23
28
20
26
28
11
7
8
22
20
15
5
10
3
20
15
1
20
31
15
30
17
8
15
1
13
11
31
8
25
15
19
20
13
15
14
2
17
30
9
29
15
22
22
0
21
14
3
10
6
18
30
10
5
18
29
25
26
7
24
24
30
9
14
26
14
3
13
19
3
16
20
1
29
30
28
16
27
22
7
1
23
25
5
18
3
1
26
16
31
20
9
26
21
7
28
31
30
4
18
1
1
27
26
14
8
4
5
10
17
20
30
28
1
4
30
14
21
9
17
10
23
14
8
11
5
29
16
15
7
29
23
30
13
27
31
20
19
26
29
0
1
21
28
3
17
14
18
30
3
8
24
23
10
9
8
20
15
9
10
9
17
3
12
3
7
31
23
15
19
3
24
17
23
30
16
0
5
11
17
18
25
28
24
20
4
6
11
21
10
3
6
20
0
16
22
1
24
13
21
1
6
6
20
29
24
22
23
14
6
12
15
30
4
28
23
23
13
7
13
7
2
19
21
26
19
21
17
22
3
7
28
3
23
27
16
7
25
23
7
31
3
25
9
1
2
31
3
26
7
3
22
28
19
23
15
9
21
7
5
0
15
11
10
26
14
1
22
0
2
29
14
13
27
5
14
13
31
31
12
21
10
21
18
3
28
7
30
10
30
7
12
20
7
26
26
18
16
7
28
7
2
24
10
0
5
14
16
19
18
0
22
30
19
27
21
28
30
8
28
19
4
23
4
1
2
19
11
12
5
24
18
16
22
22
31
5
25
31
24
4
27
25
13
5
5
19
12
0
30
22
31
30
2
24
16
10
30
23
20
8
14
13
25
6
25
6
14
26
22
21
7
25
25
9
6
21
20
6
19
7
22
26
12
7
29
23
20
29
5
21
0
6
25
14
5
30
28
21
31
28
0
9
25
7
17
27
2
29
8
0
30
6
21
29
6
14
9
3
11
14
12
23
0
2
6
26
8
14
2
7
17
1
20
23
20
20
12
11
20
7
31
5
11
15
14
9
1
6
20
27
0
26
6
16
26
25
14
6
12
16
1
5
18
10
17
24
2
22
22
21
12
9
5
2
22
30
5
14
8
27
7
15
10
18
28
20
6
11
25
5
10
8
23
12
1
9
24
2
26
31
24
20
10
2
26
13
2
24
23
20
6
25
10
23
0
19
21
5
27
30
28
12
24
6
15
16
26
23
6
10
4
18
22
19
5
21
2
30
6
6
8
13
22
4
17
14
3
27
18
29
13
5
30
9
7
17
26
11
27
9
10
22
14
27
17
3
28
17
3
10
9
4
27
20
29
26
1
8
28
11
9
3
20
20
4
26
30
18
23
19
25
26
8
9
6
5
5
17
31
3
11
24
8
17
2
27
11
6
17
25
26
2
19
13
10
22
27
3
9
29
15
6
30
3
16
18
24
6
17
8
26
31
28
3
31
20
9
26
17
11
26
1
4
31
31
7
0
8
16
6
12
27
31
19
30
9
21
5
9
30
14
26
5
29
11
28
0
31
24
28
28
10
4
0
28
7
30
27
17
10
8
28
19
21
17
20
10
4
2
30
6
11
27
